2010.02.09,12500,14200,14500,12100,2668191
2010.02.10,11700,12900,12900,11700,588308
2010.02.11,11000,11900,12250,10900,741481
2010.02.12,11200,11200,11550,10900,561578
2010.02.16,11250,11250,11900,11200,350597
2010.02.17,11000,11450,11550,11000,235957
2010.02.18,11800,11150,11900,10900,608870
2010.02.19,11100,11650,11800,10900,354004
2010.02.22,11950,11350,12450,11300,613713
2010.02.23,11900,11850,11900,11650,188525
2010.02.24,11650,11750,11950,11550,101848
2010.02.25,11000,11750,12150,11000,248194
2010.02.26,11000,11100,11300,10900,116127
2010.03.02,10400,11200,11200,10400,226007
2010.03.03,10500,10400,10900,10350,309825
2010.03.04,10350,10600,10650,10300,105991
2010.03.05,10200,10350,10600,10150,141616
2010.03.08,10400,10350,10550,10250,193357
2010.03.09,10250,10500,10600,10200,174992
2010.03.10,10800,10350,10950,10250,420906
2010.03.11,10550,10750,10900,10500,238875
2010.03.12,10500,10700,10700,10500,72150
2010.03.15,10300,10500,10650,10250,119546
2010.03.16,10400,10350,10550,10350,75533
2010.03.17,10300,10450,10550,10200,203283
2010.03.18,11000,10350,11400,10300,717133
2010.03.19,11000,11000,11100,10800,171612
2010.03.22,10950,11050,11350,10900,332309
2010.03.23,10900,11000,11300,10900,304118
2010.03.24,10850,11200,11200,10150,490538
2010.03.25,10500,11300,11750,10500,961647
2010.03.26,10800,10600,10850,10350,283763
2010.03.29,10350,10700,10850,10350,179076
2010.03.30,10450,10500,10700,10400,118467
2010.03.31,10350,10500,10600,10300,115444
2010.04.01,10200,10400,10500,10200,204239
2010.04.02,10550,10400,10850,10200,494397
2010.04.05,9670,10700,10750,9000,333736
2010.04.06,9650,9700,10050,9350,310743
2010.04.07,9910,9670,9930,9670,107569
2010.04.08,10350,9810,10600,9810,544535
2010.04.09,10250,10350,10400,9990,143269
2010.04.12,9940,10250,10300,9940,112066
2010.04.13,9840,9960,10100,9810,84975
2010.04.14,10400,10050,10750,10000,530864
2010.04.15,10100,10500,10500,10050,192950
2010.04.16,9810,10100,10100,9770,190233
2010.04.19,9590,9650,9800,9580,96409
2010.04.20,9690,9770,9770,9610,52024
2010.04.21,9810,9750,9880,9620,121105
2010.04.22,9620,9750,9800,9580,108318
2010.04.23,9740,9700,9800,9570,81929
2010.04.26,9870,9760,10200,9730,261634
2010.04.27,10000,10000,10050,9850,114613
2010.04.28,9800,9860,9890,9720,96296
2010.04.29,9240,9800,9900,9100,200797
2010.04.30,8930,9350,9430,8910,215886
2010.05.03,9050,8970,9120,8890,118273
2010.05.04,8890,9110,9150,8850,97663
2010.05.06,7560,8200,8230,7560,499604
2010.05.07,6800,6720,7500,6560,374134
2010.05.10,7060,6970,7220,6930,155734
2010.05.11,7010,7210,7230,6930,81303
2010.05.12,6780,7020,7100,6730,133301
2010.05.13,6820,6940,6950,6740,109635
2010.05.14,7150,6820,7300,6820,162374
2010.05.17,6760,7050,7090,6760,113704
2010.05.18,6770,6800,6860,6700,80434
2010.05.19,6590,6750,6750,6480,84138
2010.05.20,5910,6750,6750,5860,89479
2010.05.24,6110,5970,6170,5900,90029
2010.05.25,5600,6060,6100,5420,130323
2010.05.26,6010,5680,6130,5680,91684
2010.05.27,6170,6010,6350,6000,74946
2010.05.28,6430,6220,6430,6180,61621
2010.05.31,6520,6430,6650,6260,78695
2010.06.01,6490,6520,6610,6330,37179
2010.06.03,6430,6530,6630,6380,44017
2010.06.04,6520,6430,6520,6380,33710
2010.06.07,6240,6250,6400,6070,53856
2010.06.08,6640,6190,6660,6180,63144
2010.06.09,7630,6750,7630,6700,412998
2010.06.10,7990,7800,8700,7310,786085
2010.06.11,7740,8030,8240,7700,272879
2010.06.14,7800,7900,8190,7760,142056
2010.06.15,7420,7900,7900,7420,149909
2010.06.16,7540,7430,7880,7350,125833
2010.06.17,7330,7540,7570,7300,62949
2010.06.18,7130,7400,7490,7090,80373
2010.06.21,7500,7260,7500,7140,74287
2010.06.22,7340,7550,7600,7270,68183
2010.06.23,7180,7260,7340,7100,47731
2010.06.24,7150,7200,7360,7150,43606
2010.06.25,7440,7150,7660,7150,319331
2010.06.28,7460,7600,7800,7400,143818
2010.06.29,8570,7690,8570,7610,1447058
2010.06.30,8560,8250,9400,8240,1970869
2010.07.01,8700,8680,9200,8500,772344
2010.07.02,8200,8760,8950,8200,474172
2010.07.05,8030,8390,8620,8030,334430
2010.07.06,9230,8620,9230,8550,838364
2010.07.07,9150,9950,10100,9150,1791396
2010.07.08,9000,9170,9400,8780,769439
2010.07.09,9000,9160,9640,8920,736968
2010.07.12,8480,8990,9000,8480,338106
2010.07.13,8440,8530,8650,8320,247813
2010.07.14,8600,8510,8840,8450,304932
2010.07.15,8770,8650,9100,8470,288721
2010.07.16,8830,9060,9340,8830,423848
2010.07.19,8700,8690,8960,8650,121390
2010.07.20,9040,8800,9100,8730,188444
2010.07.21,8740,9150,9220,8670,170727
2010.07.22,8170,8800,8800,8100,197258
2010.07.23,8370,8300,9300,8100,549580
2010.07.26,8260,8470,8530,8240,97054
2010.07.27,8050,8250,8390,8050,104729
2010.07.28,8090,8060,8300,8000,82810
2010.07.29,8300,8150,8490,8140,101731
2010.07.30,8390,8230,8420,8030,68619
2010.08.02,8610,8470,8660,8260,120338
2010.08.03,8610,8650,8950,8570,136523
2010.08.04,8750,8650,8790,8440,95507
2010.08.05,8630,8880,8880,8490,62165
2010.08.06,8540,8480,8620,8420,65464
2010.08.09,8590,8600,8790,8260,204794
2010.08.10,8200,8600,8620,8100,160719
2010.08.11,7890,8110,8180,7800,189449
2010.08.12,7720,7770,8000,7590,94369
2010.08.13,7810,7870,8190,7710,127171
2010.08.16,7750,7700,7890,7580,49711
2010.08.17,7820,7730,7950,7700,93419
2010.08.18,7850,7900,8350,7800,334376
2010.08.19,7730,7920,8010,7720,98923
2010.08.20,7480,7750,7750,7470,106229
2010.08.23,7190,7530,7600,7140,104257
2010.08.24,7030,7250,7250,6950,63804
2010.08.25,7050,7000,7150,7000,56826
2010.08.26,6930,7150,7180,6910,69187
2010.08.27,6570,6810,6980,6510,93203
2010.08.30,6650,6570,6800,6570,47531
2010.08.31,6800,6640,6860,6570,50694
2010.09.01,6700,6790,6890,6640,52180
2010.09.02,6710,6750,6790,6620,54955
2010.09.03,6650,6750,6750,6620,47717
2010.09.06,6920,6740,6930,6660,63599
2010.09.07,6750,6980,6980,6730,41483
2010.09.08,6470,6740,6740,6400,66824
2010.09.09,6540,6510,6650,6400,54482
2010.09.10,6500,6690,6690,6450,43629
2010.09.13,6480,6450,6620,6410,51306
2010.09.14,6290,6480,6480,6240,72233
2010.09.15,6070,6200,6340,6030,70229
2010.09.16,6230,6080,6230,6080,33458
2010.09.17,6170,6300,6300,6130,27284
2010.09.20,6240,6150,6260,6150,38432
2010.09.24,6220,6250,6310,6150,31774
2010.09.27,6170,6220,6230,6150,38503
2010.09.28,6170,6150,6210,6150,41256
2010.09.29,6350,6200,6350,6110,66280
2010.09.30,6660,6350,6660,6350,84308
2010.10.01,6600,6670,6680,6530,35500
2010.10.04,6550,6540,6600,6480,26409
2010.10.05,6340,6500,6500,6340,52793
2010.10.06,6340,6370,6490,6320,26829
2010.10.07,6320,6300,6460,6240,57753
2010.10.08,6360,6330,6410,6280,35396
2010.10.11,6550,6360,6630,6360,57175
2010.10.12,6550,6600,6720,6400,66830
2010.10.13,6540,6680,6680,6510,37937
2010.10.14,6430,6590,6590,6390,41465
2010.10.15,6810,6430,6810,6400,136794
2010.10.18,6990,6850,7110,6710,168999
2010.10.19,6850,7020,7070,6850,151752
2010.10.20,7050,6780,7090,6770,87833
2010.10.21,7050,7070,7250,7050,87593
2010.10.22,7140,7070,7210,7070,67093
2010.10.25,7140,7330,7330,7120,78893
2010.10.26,7060,7140,7240,6990,80102
2010.10.27,7000,7040,7110,6990,71909
2010.10.28,7100,7030,7280,7010,65019
2010.10.29,7040,7150,7150,6850,54907
2010.11.01,7030,7120,7220,6900,53472
2010.11.02,6980,7170,7170,6870,75990
2010.11.03,6810,6920,7050,6810,70402
2010.11.04,6810,6850,6950,6630,102048
2010.11.05,7020,6890,7080,6890,74322
2010.11.08,6970,7100,7100,6970,42096
2010.11.09,6880,7010,7030,6800,59088
2010.11.10,6690,6830,6890,6690,71298
2010.11.11,6450,6610,6750,6380,74969
2010.11.12,6210,6460,6540,6150,76180
2010.11.15,6130,6300,6300,6090,31479
2010.11.16,6040,6100,6230,5950,45916
2010.11.17,5820,5800,5960,5800,59376
2010.11.18,5970,5840,6050,5840,33690
2010.11.19,6000,6060,6080,5850,29822
2010.11.22,6000,5910,6060,5910,29150
2010.11.23,5970,6050,6050,5900,29019
2010.11.24,5850,5650,5890,5500,44493
2010.11.25,5800,5950,5950,5770,23822
2010.11.26,5330,5750,5800,5330,63823
2010.11.29,5600,5340,5740,5340,40654
2010.11.30,5500,5660,5800,5420,33001
2010.12.01,5500,5550,5550,5350,39784
2010.12.02,5530,5560,5710,5530,37509
2010.12.03,5520,5540,5650,5500,26331
2010.12.06,5650,5560,5790,5560,29544
2010.12.07,5690,5590,5730,5510,23149
2010.12.08,5610,5680,5710,5540,27202
2010.12.09,5610,5580,5700,5580,22666
2010.12.10,5550,5650,5650,5550,23856
2010.12.13,5620,5600,5680,5570,12691
2010.12.14,5570,5700,5700,5560,14957
2010.12.15,6140,5570,6370,5550,236613
2010.12.16,5930,5950,6190,5900,51491
2010.12.17,5920,5960,6050,5880,36733
2010.12.20,5700,5820,5900,5620,37948
2010.12.21,5930,5780,6010,5750,26538
2010.12.22,6060,6040,6090,5950,29841
2010.12.23,5990,6090,6150,5970,21367
2010.12.24,6120,6090,6130,6010,25375
2010.12.27,6120,6120,6280,6100,53358
2010.12.28,6200,6010,6270,6010,67111
2010.12.29,5050,5070,5170,4840,35429
2010.12.30,5130,5140,5190,5000,21896
2011.01.03,5010,5100,5120,4945,53556
2011.01.04,4960,5010,5080,4920,45004
2011.01.05,4975,4990,5040,4940,46710
2011.01.06,5400,5010,5630,5010,205888
2011.01.07,5310,5550,5650,5250,45020
2011.01.10,5210,5370,5370,5210,29833
2011.01.11,5310,5170,5330,5150,27024
2011.01.12,5260,5310,5320,5200,19943
2011.01.13,5140,5260,5300,5100,20821
2011.01.14,5160,5190,5190,5070,18579
2011.01.17,5070,5160,5170,5060,29136
2011.01.18,5040,5070,5130,5030,12657
2011.01.19,5100,5090,5180,5010,22925
2011.01.20,5040,5050,5090,4915,117362
2011.01.21,4665,4980,5050,4655,186963
2011.01.24,4630,4710,4810,4610,52379
2011.01.25,4465,4600,4715,4465,62148
2011.01.26,4600,4465,4705,4465,80173
2011.01.27,4590,4545,4800,4545,44009
2011.01.28,4460,4630,4650,4450,50606
2011.01.31,4375,4390,4430,4330,37236
2011.02.01,4285,4375,4440,4230,82575
2011.02.07,4230,4370,4370,4200,43750
2011.02.08,4200,4225,4330,4190,19734
2011.02.09,4350,4200,4465,4145,48098
2011.02.10,4275,4340,4445,4240,30375
2011.02.11,4280,4365,4370,4200,13300
2011.02.14,4290,4350,4385,4180,17721
2011.02.15,4215,4320,4330,4200,25096
2011.02.16,4140,4200,4250,4120,36050
2011.02.17,3935,4140,4145,3885,94960
2011.02.18,3940,4040,4040,3870,33375
2011.02.21,3950,3940,4000,3930,16521
2011.02.22,3850,3980,3980,3800,31041
2011.02.23,3780,3805,3910,3710,31081
2011.02.24,3510,3775,3780,3510,68205
2011.02.25,3530,3570,3590,3390,62918
2011.02.28,3450,3520,3550,3420,30838
2011.03.02,3405,3400,3500,3400,20698
2011.03.03,3495,3410,3530,3410,30037
2011.03.04,3800,3500,3960,3500,92540
2011.03.07,3875,3800,3900,3720,30324
2011.03.08,3970,3880,4070,3880,32550
2011.03.09,3970,3900,4030,3895,6445
2011.03.10,3900,4045,4045,3800,21104
2011.03.11,3865,3990,3990,3800,11177
2011.03.14,3640,3780,3870,3640,39216
2011.03.15,3510,3695,3835,3200,35788
2011.03.16,3420,3425,3575,3400,40146
2011.03.17,3290,3400,3400,3215,27535
2011.03.18,3445,3310,3475,3265,30931
2011.03.21,3490,3450,3515,3380,32985
2011.03.22,3490,3590,3590,3480,14812
2011.03.23,3520,3580,3580,3430,21503
2011.03.24,3555,3470,3620,3470,20622
2011.03.25,3725,3600,3880,3595,59632
2011.03.28,3605,3780,3780,3600,25803
2011.03.29,3735,3665,3735,3585,28861
2011.03.30,3760,3660,3855,3660,17769
2011.03.31,3730,3845,3845,3700,13751
2011.04.01,3770,3710,3775,3670,35250
2011.04.04,3870,3770,4020,3770,67726
2011.04.05,3870,3925,3925,3825,25239
2011.04.06,3790,3825,3835,3790,43414
2011.04.07,3780,3790,3805,3750,29060
2011.04.08,4000,3830,4135,3775,104071
2011.04.11,3925,4090,4090,3920,22895
2011.04.12,3875,3925,4000,3860,16416
2011.04.13,4050,3900,4075,3855,70509
2011.04.14,4025,4090,4100,4000,22027
2011.04.15,4070,4005,4095,3935,24521
2011.04.18,4065,4070,4100,3980,40211
2011.04.19,3980,4005,4090,3980,35668
2011.04.20,4010,3980,4040,3975,48476
2011.04.21,3990,3970,4040,3955,27424
2011.04.22,3865,4000,4020,3865,46907
2011.04.25,3840,3865,3910,3800,19695
2011.04.26,3650,3885,3885,3615,45699
2011.04.27,3675,3665,3760,3615,33585
2011.04.28,3545,3680,3690,3485,36458
2011.04.29,3440,3545,3545,3430,33309
2011.05.02,3485,3420,3485,3420,15546
2011.05.03,3475,3425,3480,3425,12019
2011.05.04,3460,3500,3500,3415,11925
2011.05.06,3450,3410,3550,3410,15627
2011.05.09,3450,3410,3490,3410,18264
2011.05.11,3410,3450,3540,3410,16465
2011.05.12,3400,3400,3400,3300,15284
2011.05.13,3400,3445,3465,3370,21554
2011.05.16,3380,3400,3420,3380,6908
2011.05.17,3325,3380,3385,3290,24245
2011.05.18,3315,3285,3380,3255,31930
2011.05.19,3160,3325,3325,3160,38051
2011.05.20,3150,3260,3260,3090,22708
2011.05.23,3190,3065,3220,3055,26028
2011.05.24,3190,3170,3200,3110,8014
2011.05.25,3170,3145,3240,3100,5971
2011.05.26,3170,3200,3260,3130,10794
2011.05.27,3190,3210,3225,3135,3274
2011.05.30,3225,3160,3295,3160,20895
2011.05.31,3230,3225,3240,3160,14620
2011.06.01,3230,3190,3260,3180,11102
2011.06.02,3200,3155,3240,3100,33120
2011.06.03,3190,3200,3225,3120,12399
2011.06.07,3105,3110,3195,2990,59155
2011.06.08,3100,3105,3165,3045,9206
2011.06.09,3085,3060,3120,3050,15046
2011.06.10,3050,3085,3110,3030,19932
2011.06.13,2930,3010,3050,2930,28663
2011.06.14,2930,2930,2990,2890,16679
2011.06.15,2945,2930,3070,2810,38388
2011.06.16,2850,2910,2955,2840,20100
2011.06.17,2835,2880,2880,2710,44502
2011.06.20,2830,2835,2850,2770,11731
2011.06.21,2830,2830,2875,2790,10342
2011.06.22,2850,2840,2900,2810,27622
2011.06.23,2880,2850,2930,2780,15703
2011.06.24,3010,2880,3010,2875,22306
2011.06.27,3010,3010,3020,2950,18339
2011.06.28,3010,2985,3035,2885,24731
2011.06.29,2990,3015,3045,2970,15226
2011.06.30,3050,2965,3050,2955,27988
2011.07.01,3060,3055,3070,3000,12918
2011.07.04,3140,3045,3200,3000,61644
2011.07.05,3130,3140,3160,3110,5754
2011.07.06,3100,3130,3130,3065,9918
2011.07.07,3150,3060,3165,3035,26417
2011.07.08,3180,3150,3190,3050,114149
2011.07.11,3190,3150,3220,3105,27106
2011.07.12,3130,3105,3165,3065,34631
2011.07.13,3095,3090,3130,3055,17372
2011.07.14,3050,3030,3120,3000,18615
2011.07.15,3150,3050,3180,3000,35094
2011.07.18,3150,3150,3215,3090,68817
2011.07.19,3240,3150,3265,3150,47766
2011.07.20,3245,3270,3275,3210,22095
2011.07.21,3350,3265,3370,3210,52187
2011.07.22,3440,3355,3440,3300,64256
2011.07.25,3445,3500,3500,3375,14858
2011.07.26,3425,3400,3465,3320,28077
2011.07.27,3460,3425,3460,3270,21000
2011.07.28,3340,3435,3435,3320,6733
2011.07.29,3305,3365,3390,3305,9492
2011.08.01,3350,3265,3445,3265,37049
2011.08.02,3330,3315,3390,3280,42248
2011.08.03,3290,3270,3320,3170,43955
2011.08.04,3250,3295,3340,3240,27151
2011.08.05,3155,3000,3230,2900,64048
2011.08.08,2965,3050,3155,2810,54577
2011.08.09,2790,2700,2960,2540,276525
2011.08.10,2820,2820,3000,2820,13125
2011.08.11,2820,2745,2845,2620,17459
2011.08.12,2890,2840,2990,2830,18636
2011.08.16,3050,2920,3050,2920,16188
2011.08.17,3170,3050,3200,3035,21414
2011.08.18,3140,3115,3200,3080,9737
2011.08.19,3010,2975,3100,2920,19575
2011.08.22,3045,2870,3060,2830,31515
2011.08.23,3095,3040,3100,3040,14269
2011.08.24,2980,3100,3110,2950,19028
2011.08.25,3020,3085,3085,2965,11600
2011.08.26,2960,3050,3050,2925,2782
2011.08.29,3100,2935,3140,2935,32159
2011.08.30,3100,3100,3150,3000,11922
2011.08.31,3080,3040,3095,2925,27210
2011.09.01,3075,3080,3080,3005,12428
2011.09.02,3075,2960,3150,2940,5893
2011.09.05,2965,3050,3050,2965,5650
2011.09.06,2975,2860,2990,2860,19380
2011.09.07,3010,2975,3040,2950,4799
2011.09.08,3015,3010,3025,2930,4808
2011.09.09,3005,2930,3020,2920,4053
2011.09.14,2935,3050,3050,2930,2943
2011.09.15,2990,2940,3020,2900,9794
2011.09.16,2990,2940,2995,2900,18866
2011.09.19,2930,3000,3000,2925,8337
2011.09.20,3020,2910,3050,2910,6499
2011.09.21,3020,2980,3075,2970,2110
2011.09.22,2885,3010,3015,2810,13537
2011.09.23,2720,2795,2875,2705,36004
2011.09.26,2600,2720,2800,2600,20869
2011.09.27,2600,2650,2785,2520,37800
2011.09.28,2630,2720,2740,2610,6103
2011.09.29,2690,2690,2690,2610,3760
2011.09.30,2640,2760,2760,2590,16177
2011.10.04,2400,2540,2630,2340,21836
2011.10.05,2365,2400,2445,2220,26380
2011.10.06,2440,2545,2595,2400,5728
2011.10.07,2475,2500,2500,2420,3487
2011.10.10,2575,2475,2585,2475,6943
2011.10.11,2645,2600,2665,2555,22495
2011.10.12,2760,2680,2800,2570,15807
2011.10.13,3170,2740,3170,2700,51294
2011.10.14,3300,3250,3320,3030,21420
2011.10.17,3280,3300,3300,3150,18149
2011.10.18,3120,3105,3250,3100,5943
2011.10.19,3160,3150,3180,3060,2420
2011.10.20,3100,3180,3190,3005,5272
2011.10.21,3160,3065,3175,3005,11611
2011.10.24,3275,3060,3385,3060,39367
2011.10.25,3155,3275,3275,3155,6925
2011.10.26,3245,3150,3255,3150,1137
2011.10.27,3285,3245,3345,3235,9641
2011.10.28,3300,3300,3350,3235,4547
2011.10.31,3295,3290,3350,3275,10284
2011.11.01,3285,3150,3300,3150,5170
2011.11.02,3150,3100,3255,3030,9521
2011.11.03,3110,3250,3250,3110,1695
2011.11.04,3350,3100,3350,3100,41004
2011.11.07,3395,3280,3450,3280,16880
2011.11.08,3400,3400,3485,3350,6930
2011.11.09,3400,3405,3430,3355,3699
2011.11.10,3100,3390,3390,3060,36806
2011.11.11,3220,3100,3245,3030,7211
2011.11.14,3470,3295,3470,3235,53396
2011.11.15,3635,3485,3730,3420,75759
2011.11.16,3560,3675,3750,3475,44235
2011.11.17,3595,3570,3650,3405,16865
2011.11.18,3455,3550,3585,3410,5748
2011.11.21,3490,3550,3550,3005,15803
2011.11.22,3420,3300,3480,3300,10742
2011.11.23,3595,3400,3700,3360,65711
2011.11.24,3600,3600,3665,3535,42435
2011.11.25,3590,3600,3645,3420,19473
2011.11.28,3570,3480,3640,3480,1260
2011.11.29,3495,3680,3680,3420,7805
2011.11.30,3570,3495,3570,3370,12201
2011.12.01,3430,3595,3595,3430,6211
2011.12.02,3340,3450,3590,3315,10558
2011.12.05,3305,3345,3470,3220,22704
2011.12.06,3500,3290,3610,3290,63888
2011.12.07,3825,3440,4005,3440,173456
2011.12.08,3930,3825,4050,3760,121697
2011.12.09,3925,3895,3985,3810,37590
2011.12.12,4000,4090,4090,3855,23935
2011.12.13,3865,4000,4070,3845,52420
2011.12.14,3740,3865,3940,3730,29377
2011.12.15,3685,3760,3790,3620,27932
2011.12.16,3685,3870,3870,3625,19942
2011.12.19,3360,3650,3715,3135,80424
2011.12.20,3340,3400,3485,3315,28869
2011.12.21,3400,3445,3450,3340,22195
2011.12.22,3360,3460,3490,3350,14059
2011.12.23,3380,3370,3440,3310,19399
2011.12.26,3500,3335,3500,3335,14062
2011.12.27,3555,3550,3600,3410,13146
2011.12.28,3550,3465,3575,3465,10918
2011.12.29,3590,3550,3625,3505,4342
2012.01.02,3685,3595,3685,3590,21584
2012.01.03,3630,3685,3720,3600,23282
2012.01.04,3690,3650,3740,3595,23532
2012.01.05,4240,3770,4240,3660,600394
2012.01.06,4195,4300,4300,4080,125186
2012.01.09,4090,4180,4220,4060,64307
2012.01.10,4280,4110,4350,4110,135799
2012.01.11,4170,4240,4385,4110,92213
2012.01.12,4200,4170,4210,4085,48823
2012.01.13,4300,4140,4350,4140,76681
2012.01.16,4300,4200,4305,4100,60050
2012.01.17,4200,4300,4300,4195,31042
2012.01.18,4165,4150,4320,4150,48100
2012.01.19,4170,4190,4240,4165,29903
2012.01.20,4300,4200,4310,4160,60542
2012.01.25,4300,4300,4550,4230,108297
2012.01.26,4380,4305,4450,4280,69926
2012.01.27,4360,4390,4415,4300,28190
2012.01.30,4135,4360,4360,4135,23177
2012.01.31,4170,4100,4250,4100,50725
2012.02.01,4220,4165,4220,4125,24732
2012.02.02,4635,4200,4840,4200,386595
2012.02.03,4530,4560,4635,4455,36061
2012.02.06,4560,4530,4565,4405,41374
2012.02.07,4550,4520,4705,4450,59928
2012.02.08,4445,4550,4550,4405,34594
2012.02.09,4445,4445,4500,4200,52484
2012.02.10,4205,4445,4470,4205,53563
2012.02.13,4250,4210,4250,4150,42426
2012.02.14,4465,4400,4545,4260,73756
2012.02.15,4665,4550,4685,4445,90258
2012.02.16,4605,4710,4785,4535,81534
2012.02.17,4720,4600,4735,4555,49701
2012.02.20,4725,4650,4770,4590,72419
2012.02.21,4875,4900,4995,4725,174150
2012.02.22,4890,4880,4965,4775,63496
2012.02.23,4730,4880,4980,4665,79279
2012.02.24,4840,4670,4985,4640,79317
2012.02.27,4820,4900,5050,4800,293295
2012.02.28,4760,4920,4920,4760,124174
2012.02.29,4800,4790,4900,4660,67108
2012.03.02,4800,4800,4900,4670,47171
2012.03.05,4745,4810,4810,4675,30563
2012.03.06,4680,4710,4720,4550,72949
2012.03.07,4800,4560,4800,4530,55799
2012.03.08,4790,4795,4835,4700,34362
2012.03.09,4950,4810,5140,4775,109767
2012.03.12,5030,4970,5200,4970,155010
2012.03.13,5010,5030,5050,4895,44447
2012.03.14,5030,5000,5110,4970,58293
2012.03.15,4990,5030,5070,4930,43656
2012.03.16,5000,5000,5110,4940,38886
2012.03.19,5000,4980,5050,4960,35072
2012.03.20,4900,5000,5030,4890,37454
2012.03.21,4970,4900,4990,4800,41289
2012.03.22,4895,5030,5030,4880,22396
2012.03.23,4880,4800,4925,4675,33858
2012.03.26,4875,4920,4920,4750,35127
2012.03.27,4770,4870,4955,4675,39436
2012.03.28,4500,4710,4800,4500,48656
2012.03.29,4180,4500,4500,4100,95109
2012.03.30,4360,4260,4360,4200,16390
2012.04.02,4400,4335,4400,4290,23174
2012.04.03,4230,4320,4425,4210,26828
2012.04.04,4195,4170,4450,4140,17918
2012.04.05,4290,4070,4400,4050,14701
2012.04.06,4120,4220,4290,4105,30630
2012.04.09,4160,4070,4190,4000,8653
2012.04.10,3980,4160,4160,3980,31325
2012.04.12,3995,4005,4145,3880,25392
2012.04.13,4050,3950,4140,3950,16111
2012.04.16,4095,4050,4200,3955,7437
2012.04.17,4100,4115,4160,4055,9445
2012.04.18,4195,4110,4195,4080,34547
2012.04.19,4185,4125,4185,4125,21471
2012.04.20,4145,4185,4200,4135,10219
2012.04.23,4200,4155,4210,4105,11458
2012.04.24,4195,4145,4210,4125,6362
2012.04.25,4270,4225,4450,4130,62515
2012.04.26,4100,4285,4290,4000,52192
2012.04.27,4085,4035,4145,4035,17965
2012.04.30,4150,4070,4150,4070,16661
2012.05.02,4145,4110,4165,4065,6240
2012.05.03,4185,4150,4185,4130,12782
2012.05.04,4245,4120,4285,4090,18786
2012.05.07,4190,4145,4250,4100,22234
2012.05.08,4240,4200,4270,4120,17759
2012.05.09,4200,4160,4270,4160,14480
2012.05.10,4260,4200,4260,4110,24844
2012.05.11,4200,4270,4290,4150,17450
2012.05.14,4235,4220,4250,4105,6742
2012.05.15,4195,4150,4240,4110,11578
2012.05.16,4070,4190,4250,4070,40922
2012.05.17,4150,4070,4190,4015,20306
2012.05.18,4045,4070,4200,4045,50396
2012.05.21,4035,4045,4130,3860,43499
2012.05.22,4065,4035,4095,3905,21497
2012.05.23,3950,4065,4100,3950,18588
2012.05.24,3995,3955,4030,3950,2616
2012.05.25,4030,4050,4050,3910,8709
2012.05.29,4000,3930,4045,3930,25281
2012.05.30,3950,4000,4095,3950,2234
2012.05.31,4000,3950,4000,3900,9314
2012.06.01,4000,3990,4055,3990,8141
2012.06.04,3840,3980,3990,3700,8964
2012.06.05,3775,3800,3920,3735,27913
2012.06.07,3900,3800,3930,3800,8173
2012.06.08,3720,3900,3900,3640,29898
2012.06.11,3570,3785,3895,3570,13615
2012.06.12,3550,3595,3680,3490,7578
2012.06.13,3595,3535,3600,3535,7536
2012.06.14,3650,3555,3650,3545,3395
2012.06.15,3660,3560,3690,3560,1611
2012.06.18,3740,3660,3760,3645,7588
2012.06.19,3780,3710,3830,3605,2946
2012.06.20,3900,3850,3950,3750,18638
2012.06.21,3975,3780,3975,3780,6830
2012.06.22,3895,3940,3960,3755,4733
2012.06.25,3900,3860,3985,3800,6010
2012.06.26,3900,3785,3900,3785,5274
2012.06.27,3870,3850,3895,3720,4603
2012.06.28,3925,3985,3985,3835,743
2012.06.29,3975,3920,3975,3830,12412
2012.07.02,4020,3975,4060,3900,3389
2012.07.03,3900,4000,4065,3900,2812
2012.07.04,3920,3900,3995,3850,10186
2012.07.05,3955,3960,3995,3875,5572
2012.07.06,3900,3900,3935,3800,7919
2012.07.09,3810,3805,3945,3780,6267
2012.07.10,3795,3810,3830,3755,11990
2012.07.11,3770,3725,3895,3670,18517
2012.07.12,3750,3790,3790,3660,2779
2012.07.13,3600,3765,3765,3560,9689
2012.07.16,3600,3735,3735,3595,2027
2012.07.17,3570,3550,3635,3540,3354
2012.07.18,3550,3625,3625,3550,12804
2012.07.19,3615,3530,3630,3530,12473
2012.07.20,3610,3615,3620,3500,26873
2012.07.23,3620,3555,3680,3505,5626
2012.07.24,3630,3555,3630,3520,1382
2012.07.25,3575,3600,3630,3500,13991
2012.07.26,3530,3535,3580,3455,6515
2012.07.27,3590,3595,3600,3500,4674
2012.07.30,3640,3545,3840,3540,1839
2012.07.31,3595,3625,3675,3500,18596
2012.08.01,3690,3525,3690,3505,29264
2012.08.02,3700,3690,3750,3600,17368
2012.08.03,3620,3610,3695,3560,3288
2012.08.06,3735,3700,3740,3600,15171
2012.08.07,3730,3685,3770,3615,6898
2012.08.08,3775,3720,3800,3660,19674
2012.08.09,3860,3775,3890,3660,25050
2012.08.10,3855,3830,3860,3730,14532
2012.08.13,3835,3845,3970,3785,71212
2012.08.14,3825,3940,3940,3745,17751
2012.08.16,3820,3835,3835,3780,10915
2012.08.17,3800,3830,3935,3760,17933
2012.08.20,3800,3855,3890,3800,3961
2012.08.21,3850,3885,3885,3765,36467
2012.08.22,3870,3850,3900,3825,20849
2012.08.23,3970,3805,4000,3805,40477
2012.08.24,4150,3965,4200,3910,40429
2012.08.27,4135,4150,4175,4010,20125
2012.08.28,4120,4050,4185,4050,23891
2012.08.29,4100,4125,4130,4070,19595
2012.08.30,4090,4100,4130,4050,17635
2012.08.31,4140,4050,4145,4010,10574
2012.09.03,4135,4080,4140,3990,34422
2012.09.04,4185,4135,4195,4070,46004
2012.09.05,4160,4155,4195,4090,7874
2012.09.06,4335,4195,4335,4140,37407
2012.09.07,4450,4285,4530,4285,64613
2012.09.10,4410,4450,4495,4300,8896
2012.09.11,4445,4410,4495,4410,20455
2012.09.12,4490,4445,4500,4440,14849
2012.09.13,4440,4500,4500,4420,7939
2012.09.14,4490,4385,4490,4375,14517
2012.09.17,4500,4540,4580,4415,21505
2012.09.18,4460,4500,4500,4330,9454
2012.09.19,4460,4495,4500,4320,23847
2012.09.20,4455,4460,4500,4325,30906
2012.09.21,4390,4455,4455,4300,10204
2012.09.24,4430,4350,4440,4310,28472
2012.09.25,4440,4370,4450,4300,7420
2012.09.26,4440,4430,4450,4305,16412
2012.09.27,4440,4330,4445,4330,5307
2012.09.28,4495,4440,4500,4335,21722
2012.10.02,4650,4500,4695,4500,48364
2012.10.04,4975,4650,5130,4570,73469
2012.10.05,5140,5000,5300,4990,119937
2012.10.08,5300,5170,5370,5140,115876
2012.10.09,5400,5300,5660,5300,108828
2012.10.10,5550,5270,5550,5270,67162
2012.10.11,5750,5550,5750,5550,82493
2012.10.12,5780,5750,5860,5610,96197
2012.10.15,5760,5760,5990,5660,68980
2012.10.16,5790,5750,5800,5400,101102
2012.10.17,5900,5790,6030,5720,101384
2012.10.18,5700,5900,5990,5610,46809
2012.10.19,5790,5940,5940,5600,32171
2012.10.22,6100,5900,6270,5790,86627
2012.10.23,6150,6400,6400,6010,37371
2012.10.24,6000,6010,6190,5950,35330
2012.10.25,6130,6000,6290,5950,78662
2012.10.26,6080,6130,6130,5990,31516
2012.10.29,5890,6030,6190,5820,30925
2012.10.30,6080,5770,6080,5770,38740
2012.10.31,6270,6080,6360,6080,70125
2012.11.01,6330,6270,6400,6210,95189
2012.11.02,6690,6300,6690,6300,213853
2012.11.05,6730,6800,6800,6580,110194
2012.11.06,6960,6730,7080,6720,207335
2012.11.07,7060,6960,7130,6920,77399
2012.11.08,6950,7040,7140,6700,102562
2012.11.09,7180,6960,7250,6900,153957
2012.11.12,7370,7180,7850,7170,167454
2012.11.13,7390,7500,7660,7000,120255
2012.11.14,7290,7390,7600,7160,41465
2012.11.15,7100,7250,7400,6760,115843
2012.11.16,7120,7010,7300,6920,33637
2012.11.19,7280,7100,7400,7050,84142
2012.11.20,7170,7280,7460,7110,27823
2012.11.21,7180,7170,7220,6900,107469
2012.11.22,7200,7210,7290,7010,36648
2012.11.23,7710,7300,7800,7060,230320
2012.11.26,7870,7650,8140,7520,138146
2012.11.27,7900,8100,8100,7830,31826
2012.11.28,8220,8050,8220,7540,120200
2012.11.29,9090,8310,9180,8300,202059
2012.11.30,9140,9090,9570,8840,202858
2012.12.03,9600,9140,9790,9140,116296
2012.12.04,9630,9880,9880,9190,164279
2012.12.05,9390,9650,9700,9110,216778
2012.12.06,9510,9480,9570,9140,144883
2012.12.07,9500,9560,9560,9000,151220
2012.12.10,9290,9310,9490,9150,59369
2012.12.11,9280,9170,9320,9060,116589
2012.12.12,9260,9470,9470,9130,66773
2012.12.13,9680,9900,9910,9480,225840
2012.12.14,9590,9600,9780,9500,55730
2012.12.17,9300,9600,9600,9200,91907
2012.12.18,9200,9200,9360,9050,66107
2012.12.20,9100,9300,9300,9100,46153
2012.12.21,9080,9100,9180,8710,87299
2012.12.24,9150,9130,9240,8950,38918
2012.12.26,9000,9000,9180,8950,106219
2012.12.27,6750,6060,6850,6060,129415
2012.12.28,6850,6800,6850,6680,74147
2013.01.02,6820,6980,6990,6770,71523
2013.01.03,7090,6850,7090,6730,60115
2013.01.04,7250,7120,7340,7100,71769
2013.01.07,7070,7410,7410,7070,54365
2013.01.08,6900,7070,7070,6770,90366
2013.01.09,6900,6900,7000,6780,34701
2013.01.10,6800,6900,7030,6800,27441
2013.01.11,6750,6810,6900,6700,38039
2013.01.14,6450,6750,6750,6200,141259
2013.01.15,6530,6330,6610,6330,67514
2013.01.16,6320,6600,6600,6200,92074
2013.01.17,6500,6400,6520,6300,154886
2013.01.18,6800,6630,6800,6570,86164
2013.01.21,6800,6950,6950,6760,55223
2013.01.22,6830,6950,6950,6610,52042
2013.01.23,6640,6800,6820,6600,82009
2013.01.24,6730,6640,6730,6400,64678
2013.01.25,6690,6600,6750,6480,208106
2013.01.28,6500,6650,6670,6260,110368
2013.01.29,6500,6550,6580,6320,51378
2013.01.30,6130,6540,6540,6130,90280
2013.01.31,5950,6120,6250,5750,186956
2013.02.01,6160,6090,6160,5830,55297
2013.02.04,5910,6160,6330,5910,84547
2013.02.05,5850,5820,5970,5770,48902
2013.02.06,6150,5910,6260,5910,97542
2013.02.07,6230,6150,6250,6000,64548
2013.02.08,6340,6250,6380,6160,66772
2013.02.12,6730,6500,6790,6450,308742
2013.02.13,6960,6830,7120,6830,355786
2013.02.14,7250,7050,7500,7010,775079
2013.02.15,7300,7270,7350,7060,275232
2013.02.18,7330,7250,7380,7150,218625
2013.02.19,7710,7350,7900,7260,539398
2013.02.20,7700,7710,7850,7620,216246
2013.02.21,8070,7700,8160,7580,565163
2013.02.22,8030,8100,8340,7800,598595
2013.02.25,7970,8100,8180,7860,295324
2013.02.26,8030,7970,8230,7870,310536
2013.02.27,8000,8180,8180,7900,136001
2013.02.28,8070,8100,8100,7870,263199
2013.03.04,8300,8070,8350,8000,288360
2013.03.05,8380,8260,8420,8200,145829
2013.03.06,8120,8420,8470,8060,336205
2013.03.07,7910,8060,8180,7770,312705
2013.03.08,7980,7910,8100,7820,103333
2013.03.11,7950,7980,8040,7750,124928
2013.03.12,8170,7960,8350,7960,372499
2013.03.13,8430,8180,8430,8170,275474
2013.03.14,8650,8430,8700,8220,286308
2013.03.15,8530,8710,8790,8400,283130
2013.03.18,8020,8550,8550,7910,331236
2013.03.19,8220,8100,8290,8030,114358
2013.03.20,8200,8310,8320,8060,116701
2013.03.21,7970,8210,8320,7820,215656
2013.03.22,7970,7840,8050,7760,167279
2013.03.25,8100,8010,8170,8010,130677
2013.03.26,8110,8060,8170,7950,90474
2013.03.27,8130,8200,8300,8030,244020
2013.03.28,8100,8200,8240,8070,117544
2013.03.29,8220,8100,8310,8050,181417
2013.04.01,8100,8220,8220,8060,147077
2013.04.02,8000,8100,8240,7910,230942
2013.04.03,8300,8060,8330,8060,330411
2013.04.04,8180,8300,8330,7950,272061
2013.04.05,8020,8220,8230,7860,200058
2013.04.08,7700,7960,8050,7600,179638
2013.04.09,7850,7530,7850,7400,161322
2013.04.10,8060,7890,8080,7800,132009
2013.04.11,8270,8070,8310,8060,190274
2013.04.12,8200,8350,8350,8130,158123
2013.04.15,8150,8230,8280,8090,221137
2013.04.16,8150,7900,8160,7900,203232
2013.04.17,9060,8360,9210,8360,1093616
2013.04.18,8930,9100,9230,8930,399668
2013.04.19,8260,8930,8930,8260,602157
2013.04.22,8270,8310,8470,8200,265117
2013.04.23,8170,8310,8510,8130,315845
2013.04.24,8520,8240,8520,8140,366500
2013.04.25,8330,8610,8610,8270,279010
2013.04.26,8500,8340,8570,8270,276614
2013.04.29,8880,8530,8970,8360,407668
2013.04.30,8820,8910,8910,8600,206750
2013.05.02,8650,8760,8870,8560,123593
2013.05.03,8650,8760,8760,8470,133520
2013.05.06,8400,8650,8660,8390,237540
2013.05.07,8230,8400,8500,8150,274400
2013.05.08,7980,8230,8370,7850,487548
2013.05.09,8090,8000,8090,7850,218598
2013.05.10,7800,8130,8130,7800,145104
2013.05.13,7810,7800,7980,7700,80479
2013.05.14,7410,7730,7850,6950,502980
2013.05.15,7370,7230,7480,7070,358824
2013.05.16,7940,7550,7970,7470,395248
2013.05.20,7850,7860,8040,7700,113875
2013.05.21,7940,7940,7980,7750,127436
2013.05.22,7900,7940,8040,7820,129197
2013.05.23,7820,7900,7950,7730,214515
2013.05.24,8460,7790,8470,7760,474525
2013.05.27,8680,8440,8680,8280,1220910
2013.05.28,9120,8900,9160,8600,1189850
2013.05.29,9150,9090,9190,8910,490103
2013.05.30,9100,9110,9130,8950,267315
2013.05.31,9060,9120,9250,8600,366719
2013.06.03,8750,9050,9070,8750,171771
2013.06.04,8680,8750,8890,8260,292508
2013.06.05,8610,8570,8690,8350,168153
2013.06.07,8350,8510,8510,7930,209867
2013.06.10,8010,8340,8510,8010,126986
2013.06.11,8500,8040,8500,7740,253643
2013.06.12,8480,8330,8560,8150,205652
2013.06.13,8370,8430,8430,8050,127241
2013.06.14,8060,8390,8390,7980,110973
2013.06.17,7400,8070,8070,6860,927989
2013.06.18,7850,7370,7850,6960,377374
2013.06.19,8030,7810,8060,7700,123545
2013.06.20,8030,7850,8060,7650,103634
2013.06.21,7830,7920,7950,7640,131197
2013.06.24,7690,7840,7980,7580,71414
2013.06.25,6620,7500,7600,6580,233643
2013.06.26,6950,6520,6960,6380,216570
2013.06.27,7600,6960,7600,6960,162295
2013.06.28,8000,7710,8000,7450,180109
2013.07.01,8500,8000,8630,7980,390826
2013.07.02,8450,8450,8500,8130,116806
2013.07.03,8700,8980,9040,8610,469119
2013.07.04,8100,8700,8720,7910,608764
2013.07.05,8030,8140,8290,7760,212109
2013.07.08,7750,8180,8180,6830,119987
2013.07.09,7950,7770,7950,7710,113188
2013.07.10,7650,7950,7950,7450,113598
2013.07.11,7810,7660,7860,7600,204586
2013.07.12,7710,7780,7880,7580,191379
2013.07.15,7690,7640,7720,7420,234756
2013.07.16,7610,7610,7690,7550,166498
2013.07.17,7610,7600,7830,7480,305683
2013.07.18,8100,7610,8120,7590,476587
2013.07.19,8090,8160,8370,8060,402314
2013.07.22,7760,8150,8310,7760,217448
2013.07.23,7870,7800,7940,7700,221537
2013.07.24,8500,7750,8530,7710,739716
2013.07.25,8500,8400,8610,8320,521180
2013.07.26,8500,8550,8630,8400,253730
2013.07.29,8530,8790,8990,8390,1254252
2013.07.30,8340,8540,8620,8230,528566
2013.07.31,8460,8350,8620,8240,603926
2013.08.01,8250,8510,8560,8250,340353
2013.08.02,8650,8300,8650,8290,362459
2013.08.05,8690,8690,8690,8480,301844
2013.08.06,8610,8650,8690,8430,268856
2013.08.07,8870,8540,8990,8420,603025
2013.08.08,8830,9100,9680,8830,1831674
2013.08.09,8350,8840,8840,8350,738356
2013.08.12,8400,8190,8690,8150,959701
2013.08.13,8730,8350,8770,8340,439305
2013.08.14,8670,8730,8800,8530,221793
2013.08.16,8520,8500,8610,8490,214134
2013.08.19,8280,8500,8600,8280,263205
2013.08.20,7820,8260,8440,7760,473105
2013.08.21,7730,7890,7950,7370,338473
2013.08.22,7300,7660,7710,7300,253858
2013.08.23,7600,7490,7640,7430,166308
2013.08.26,7520,7710,7790,7520,170467
2013.08.27,6920,7530,7590,6850,466934
2013.08.28,6990,6600,7040,6580,385154
2013.08.29,6900,7150,7150,6650,199157
2013.08.30,6630,6970,6970,6610,230934
2013.09.02,6630,6530,6740,6460,305289
2013.09.03,6840,6630,6930,6610,330197
2013.09.04,6680,6880,6920,6640,256237
2013.09.05,6730,6720,6840,6660,127362
2013.09.06,6810,6800,6900,6740,118898
2013.09.09,7020,6850,7040,6810,136628
2013.09.10,7210,7030,7210,7000,217213
2013.09.11,7230,7270,7270,7060,108248
2013.09.12,6990,7200,7230,6990,239616
2013.09.13,6880,7100,7100,6770,106254
2013.09.16,6640,6850,6900,6600,230859
2013.09.17,6500,6570,6680,6430,167085
2013.09.23,6600,6540,6700,6450,69589
2013.09.24,6640,6600,6670,6450,74726
2013.09.25,6740,6700,6740,6530,86076
2013.09.26,6690,6680,6800,6630,86091
2013.09.27,6690,6710,6780,6660,49492
2013.09.30,6610,6670,6700,6490,77625
2013.10.01,6400,6510,6630,6380,130286
2013.10.02,6340,6400,6550,6270,86470
2013.10.04,7000,6270,7290,5940,884998
2013.10.07,6950,7070,7080,6770,208927
2013.10.08,6720,6880,6950,6590,172961
2013.10.10,6780,6630,6930,6630,99295
2013.10.11,7000,6950,7420,6950,672282
2013.10.14,6790,7190,7190,6670,225193
2013.10.15,6860,6870,6930,6750,143351
2013.10.16,6490,6860,6920,6490,184735
2013.10.17,6050,6530,6590,6050,276215
2013.10.18,6200,6050,6340,5960,164074
2013.10.21,6160,6150,6260,6150,53421
2013.10.22,6010,6130,6230,6000,106278
2013.10.23,6000,6050,6180,5950,113816
2013.10.24,5830,5890,6090,5700,184250
2013.10.25,6050,5840,6190,5790,95694
2013.10.28,6100,6050,6140,5980,102356
2013.10.29,6380,6100,6570,6090,299619
2013.10.30,6500,6450,6690,6410,174332
2013.10.31,6350,6620,6620,6250,147959
2013.11.01,6750,6490,6770,6250,207497
2013.11.04,6840,6890,7010,6630,276451
2013.11.05,6400,6960,6960,6400,202114
2013.11.06,6100,6500,6500,6080,181979
2013.11.07,5920,5960,6150,5830,152198
2013.11.08,6110,5860,6280,5860,139106
2013.11.11,5700,6110,6180,5650,117395
2013.11.12,5880,5580,6000,5580,65108
2013.11.13,5600,5910,5980,5570,52118
2013.11.14,5810,5700,5810,5520,75704
2013.11.15,5690,5750,5890,5620,76998
2013.11.18,5530,5710,5710,5470,98208
2013.11.19,5370,5530,5580,5130,156859
2013.11.20,5170,5300,5400,5150,61661
2013.11.21,4965,5080,5140,4840,194293
2013.11.22,5020,4840,5330,4840,71508
2013.11.25,4960,5060,5160,4960,51743
2013.11.26,5280,4985,5320,4960,106309
2013.11.27,5200,5200,5350,5150,31563
2013.11.28,5310,5180,5480,5130,76360
2013.11.29,5100,5300,5350,5070,88939
2013.12.02,4895,5050,5080,4865,114502
2013.12.03,4615,4975,4975,4590,176975
2013.12.04,4555,4680,4690,4520,69578
2013.12.05,4510,4555,4580,4450,66049
2013.12.06,4580,4530,4690,4500,54886
2013.12.09,4510,4530,4620,4510,43912
2013.12.10,4215,4505,4505,4160,100699
2013.12.11,4030,4145,4255,3975,123368
2013.12.12,4035,3990,4090,3990,71282
2013.12.13,4020,4000,4105,3940,48776
2013.12.16,3965,3975,4110,3850,56409
2013.12.17,3830,3970,4075,3800,84038
2013.12.18,3895,3810,3970,3770,68144
2013.12.19,3845,3900,3940,3780,53052
2013.12.20,3975,3825,4100,3760,119238
2013.12.23,4480,4065,4480,3985,333967
2013.12.24,4500,4450,4600,4375,209837
2013.12.26,4435,4475,4660,3830,218449
2013.12.27,4670,4460,4700,4425,143163
2013.12.30,4995,4700,5040,4670,250991
2014.01.02,5000,5070,5070,4810,173924
2014.01.03,4970,5070,5070,4835,67220
2014.01.06,5130,4975,5130,4820,137823
2014.01.07,5240,5080,5240,4925,137513
2014.01.08,5130,5200,5280,4985,232062
2014.01.09,5090,5050,5180,4950,73726
2014.01.10,5000,5060,5120,4980,31306
2014.01.13,5040,4950,5090,4870,175770
2014.01.14,4980,5030,5030,4870,67683
2014.01.15,4775,5050,5100,4745,112805
2014.01.16,4750,4800,4830,4645,179896
2014.01.17,4630,4770,4800,4620,48198
2014.01.20,4370,4630,4725,4175,271743
2014.01.21,4750,4450,4830,4440,309330
2014.01.22,4500,4820,4820,4480,279887
2014.01.23,4450,4560,4570,4410,136636
2014.01.24,4380,4410,4460,4300,79755
2014.01.27,4195,4200,4290,4120,89286
2014.01.28,4220,4195,4265,4145,60987
2014.01.29,4320,4250,4370,4225,48382
2014.02.03,4350,4330,4470,4300,78211
2014.02.04,4255,4185,4335,4185,94871
2014.02.05,4185,4275,4350,4150,108188
2014.02.06,4220,4150,4255,4150,43502
2014.02.07,4440,4260,4500,4260,200804
2014.02.10,4365,4440,4500,4290,106137
2014.02.11,4410,4310,4440,4300,55928
2014.02.12,4200,4380,4410,4200,187853
2014.02.13,3940,4200,4200,3900,367037
2014.02.14,4000,3940,4030,3930,141069
2014.02.17,3950,4020,4045,3935,114290
2014.02.18,3990,3930,3990,3930,68190
2014.02.19,3940,4020,4020,3920,105127
2014.02.20,3820,3940,3940,3795,117899
2014.02.21,3860,3825,3875,3810,55353
2014.02.24,3805,3930,3930,3805,63571
2014.02.25,3685,3810,3830,3665,154276
2014.02.26,3665,3635,3760,3635,126159
2014.02.27,3650,3675,3710,3650,55344
2014.02.28,3650,3650,3685,3635,46070
2014.03.03,3575,3630,3645,3545,56156
2014.03.04,3640,3570,3670,3545,31562
2014.03.05,3675,3735,3735,3635,55302
2014.03.06,3830,3680,3835,3660,112405
2014.03.07,4155,4170,4300,3950,901405
2014.03.10,3975,4095,4145,3965,380512
2014.03.11,4240,3935,4370,3840,696140
2014.03.12,4170,4215,4220,4090,168647
2014.03.13,4195,4170,4290,4170,139272
2014.03.14,4000,4160,4240,3985,119104
2014.03.17,3775,3980,4000,3755,150450
2014.03.18,3805,3780,3850,3780,56395
2014.03.19,4100,3820,4140,3805,162809
2014.03.20,4500,4140,4700,4040,643627
2014.03.21,4495,4550,4650,4415,228332
2014.03.24,4480,4470,4580,4420,149113
2014.03.25,4210,4500,4515,4195,192883
2014.03.26,4260,4220,4320,4220,84013
2014.03.27,4220,4265,4315,4100,80499
2014.03.28,4150,4200,4235,4150,54417
2014.03.31,4305,4175,4320,4175,179980
2014.04.01,4245,4300,4340,4200,88668
2014.04.02,4370,4205,4390,4175,153774
2014.04.03,4505,4435,4680,4315,375391
2014.04.04,4525,4560,4635,4480,161434
2014.04.07,4375,4570,4570,4375,65377
2014.04.08,4370,4380,4390,4270,57293
2014.04.09,4640,4335,4960,4305,674646
2014.04.10,4600,4680,4800,4595,179829
2014.04.11,4605,4505,4750,4465,119230
2014.04.14,4990,4605,5160,4590,421480
2014.04.15,4925,5100,5170,4880,245058
2014.04.16,4905,4900,4995,4820,118243
2014.04.17,4970,4965,5100,4900,138576
2014.04.18,4860,4960,5090,4860,98372
2014.04.21,4780,4875,4910,4690,107599
2014.04.22,4735,4765,4870,4720,37119
2014.04.23,4700,4740,4880,4700,91341
2014.04.24,4590,4700,4765,4585,95018
2014.04.25,4495,4690,4690,4485,64335
2014.04.28,4380,4495,4515,4365,58170
2014.04.29,4360,4380,4485,4295,62482
2014.04.30,4425,4400,4470,4300,55527
2014.05.02,4390,4425,4450,4365,20580
2014.05.07,4140,4395,4395,4140,126335
2014.05.08,4010,4040,4090,3975,91622
2014.05.09,4080,3955,4085,3955,40960
2014.05.12,3800,4080,4080,3800,123993
2014.05.13,3940,3825,3955,3810,55295
2014.05.14,4120,3900,4220,3900,68216
2014.05.15,4200,4200,4260,4085,47212
2014.05.16,4150,4200,4250,4105,20340
2014.05.19,3845,4025,4145,3735,193865
2014.05.20,3810,3755,3950,3690,50005
2014.05.21,3930,3850,3945,3740,31081
2014.05.22,3830,3920,4005,3800,78540
2014.05.23,3795,3815,3935,3700,45609
2014.05.26,3650,3775,3830,3645,156423
2014.05.27,3710,3610,3735,3560,126900
2014.05.28,3720,3680,3775,3630,27153
2014.05.29,3715,3730,3780,3680,29414
2014.05.30,3630,3740,3790,3610,43175
2014.06.02,3460,3715,3715,3400,86104
2014.06.03,3260,3430,3490,3140,79911
2014.06.05,2775,3155,3295,2775,725924
2014.06.09,2890,2800,2970,2775,176162
2014.06.10,3060,2940,3175,2870,129798
2014.06.11,3190,3050,3195,3050,54295
2014.06.12,3240,3175,3365,3125,88270
2014.06.13,3190,3270,3415,3150,74492
2014.06.16,3255,3175,3300,3155,35333
2014.06.17,3290,3255,3355,3255,37447
2014.06.18,3270,3290,3300,3200,16000
2014.06.19,3015,3235,3280,3015,86647
2014.06.20,2930,3020,3090,2880,112335
2014.06.23,2780,3020,3020,2780,53014
2014.06.24,2730,2840,2840,2625,60182
2014.06.25,2780,2785,2865,2680,90295
2014.06.26,3195,2785,3195,2785,870596
2014.06.27,3080,3350,3465,3080,1437880
2014.06.30,3330,3075,3490,3035,743958
2014.07.01,3310,3340,3450,3225,277045
2014.07.02,3350,3310,3450,3280,190713
2014.07.03,3315,3385,3435,3260,181273
2014.07.04,3205,3320,3320,3160,162927
2014.07.07,3105,3235,3235,3055,129674
2014.07.08,3100,3105,3170,3050,126586
2014.07.09,3180,3115,3235,3085,125157
2014.07.10,3050,3220,3235,3025,107708
2014.07.11,3000,3080,3080,2975,92445
2014.07.14,2850,3035,3035,2850,122312
2014.07.15,2975,2850,2995,2850,83520
2014.07.16,2895,2950,2980,2860,52061
2014.07.17,2925,2910,2970,2865,56695
2014.07.18,2890,2880,2920,2855,59222
2014.07.21,3320,3050,3320,3050,610248
2014.07.22,3410,3500,3695,3340,1698991
2014.07.23,3315,3420,3565,3265,649174
2014.07.24,3340,3310,3385,3195,395332
2014.07.25,3420,3400,3615,3280,801292
2014.07.28,3235,3435,3445,3180,285422
2014.07.29,3145,3205,3265,3115,224745
2014.07.30,3070,3200,3200,3070,144867
2014.07.31,2895,2960,3000,2805,298339
2014.08.01,2885,2825,2985,2810,90016
2014.08.04,2980,2890,2980,2830,83573
2014.08.05,2910,3040,3040,2890,166825
2014.08.06,2895,2940,2955,2870,86773
2014.08.07,2820,2910,2960,2820,116331
2014.08.08,2825,2835,2950,2780,98062
2014.08.11,2980,2825,2985,2785,131137
2014.08.12,2990,2910,3030,2835,165251
2014.08.13,2995,2995,3135,2930,145725
2014.08.14,2995,3020,3025,2915,68553
2014.08.18,3000,3010,3050,2945,66788
2014.08.19,3450,3185,3450,3120,1704116
2014.08.20,3475,3405,3570,3360,1463954
2014.08.21,3270,3600,3780,3270,1222512
2014.08.22,3310,3400,3575,3310,593355
2014.08.25,3170,3310,3390,3125,294579
2014.08.26,3290,3150,3300,3140,202167
2014.08.27,3250,3345,3350,3190,127410
2014.08.28,3370,3240,3370,3240,180100
2014.08.29,3400,3375,3400,3285,106707
2014.09.01,3300,3430,3430,3300,106932
2014.09.02,3190,3305,3305,3120,180855
2014.09.03,3260,3190,3445,3190,314985
2014.09.04,3165,3310,3420,3145,142311
2014.09.05,3175,3170,3280,3145,73644
2014.09.11,3425,3225,3430,3215,163855
2014.09.12,3390,3400,3490,3330,131425
2014.09.15,3500,3400,3535,3340,194924
2014.09.16,3825,3480,4015,3450,1240510
2014.09.17,4030,3930,4205,3905,1356170
2014.09.18,3970,4000,4015,3850,371278
2014.09.19,3920,3970,4210,3910,643490
2014.09.22,3830,3850,3965,3830,170976
2014.09.23,3660,3815,3860,3560,287728
2014.09.24,3685,3690,3815,3605,140421
2014.09.25,4095,3700,4115,3700,573358
